5 3 0 0 7 0 0 0 0
6 0 0 1 9 5 0 0 0
0 9 8 0 0 0 0 6 0
8 0 0 0 6 0 0 0 3
4 0 0 8 0 3 0 0 1
7 0 0 0 2 0 0 0 6
0 6 0 0 0 0 2 8 0
0 0 0 4 1 9 0 0 5
0 0 0 0 8 0 0 7 9

0 2 0 5 0 1 0 9 0
8 0 0 2 0 3 0 0 6
0 3 0 0 6 0 0 7 0
0 0 1 0 0 0 6 0 0
5 4 0 0 0 0 0 1 9
0 0 2 0 0 0 7 0 0
0 9 0 0 3 0 0 8 0
2 0 0 8 0 4 0 0 7
0 1 0 9 0 7 0 6 0
///////////////////////////////////////////
Teoria dos Grafos 2019-1 - Trabalho Pratico
Hadamo da Silva Egito
Maiana Rodrigues Gonçalves
///////////////////////////////////////////
Outras entradas abaixo:










4 2 6 5 7 1 3 9 8
8 5 7 2 9 3 1 4 6
1 3 9 4 6 8 2 7 5
9 7 1 3 0 5 6 2 4
5 4 3 7 2 6 8 1 9
6 8 2 1 4 9 7 5 3
7 9 4 6 3 2 5 8 1
2 6 5 8 1 4 9 3 7
3 1 8 9 5 7 4 6 0
 
0 0 0 0 0 0 0 0 0
0 0 0 0 0 0 0 0 0
0 0 0 0 0 0 0 0 0
0 0 0 1 2 3 0 0 0
0 0 0 5 4 6 0 0 0
0 0 0 8 9 7 0 0 0
0 0 0 0 0 0 0 0 0
0 0 0 0 0 0 0 0 0
0 0 0 0 0 0 0 0 0

1 0 0 0 0 0 0 0 0
0 0 0 1 0 0 0 0 0
0 0 0 0 0 0 1 0 0
0 1 0 0 0 0 0 0 0
0 0 0 0 1 0 0 0 0
0 0 0 0 0 0 0 0 1
0 0 1 0 0 0 0 0 0
0 0 0 0 0 0 0 1 0
0 0 0 0 0 1 0 0 0

0 2 0 5 0 1 0 9 0
8 0 0 2 0 3 0 0 6
0 3 0 0 6 0 0 7 0
0 0 1 0 0 0 6 0 0
5 4 0 0 0 0 0 1 9
0 0 2 0 0 0 7 0 0
0 9 0 0 3 0 0 8 0
2 0 0 8 0 4 0 0 7
0 1 0 9 0 7 0 6 0

0 0 0 0 0 0 0 0 0
0 0 0 0 0 0 0 0 0
0 0 0 0 0 0 0 0 0
0 0 0 0 0 0 0 0 0
0 0 0 0 0 0 0 0 0
0 0 0 0 0 0 0 0 0
0 0 0 0 0 0 0 0 0
0 0 0 0 0 0 0 0 0
0 0 0 0 0 0 0 0 0

5 3 0 0 7 0 0 0 0
6 0 0 1 9 5 0 0 0
0 9 8 0 0 0 0 6 0
8 0 0 0 6 0 0 0 3
4 0 0 8 0 3 0 0 1
7 0 0 0 2 0 0 0 6
0 6 0 0 0 0 2 8 0
0 0 0 4 1 9 0 0 5
0 0 0 0 8 0 0 7 9

4 2 6 5 7 1 3 9 8
8 5 7 2 9 3 1 4 6
1 3 9 4 6 8 2 7 5
9 7 1 3 0 5 6 2 4
5 4 3 7 2 6 8 1 9
6 8 2 1 4 9 7 5 3
7 9 4 6 3 2 5 8 1
2 6 5 8 1 4 9 3 7
3 1 8 9 5 7 4 6 0

//entrada com erro de valor
1 j 0 0 0 0 0 0 0
0 0 0 1 0 0 0 0 0
0 0 0 0 0 0 1 0 0
0 1 0 0 0 0 0 0 0
0 0 0 0 1 0 0 0 0
0 0 0 0 0 0 0 0 1
0 0 1 0 0 0 0 0 0
0 0 0 0 0 0 0 1 0
0 0 0 0 0 1 0 0 0

//entrada com erro de posicao
1 0 0 0 0 0 0 0 0
0 0 0 1 0 0 0 0 0
0 0 0 0 0 0 1 0 0
0 1 0 0 0 0 0 0 0
0 0 0 0 1 0 0 0 0
0 0 0 0 0 0 0 0 1
0 0 1 0 0 0 0 0 0
0 0 0 0 0 1 0 1 0
0 0 0 0 0 1 0 0 0

0 0 0 0 0 0 0 0 0
0 0 3 7 2 0 0 0 0
0 0 6 8 0 0 5 3 0
0 0 0 0 0 0 1 4 0
0 3 0 0 4 0 0 6 0
0 9 8 0 0 0 0 0 0
0 8 7 0 0 5 2 0 0
0 0 0 0 1 4 3 0 0
0 0 0 0 0 0 0 0 0