Entrada Aceitavel!
Grafo com 81 vertices e 810 arestas
 0 20
 0 19
 0 11
 0 10
 0 8
 0 7
 0 6
 0 5
 0 4
 0 3
 0 2
 0 1
 0 72
 0 63
 0 54
 0 45
 0 36
 0 27
 0 18
 0 9

 1 20
 1 18
 1 11
 1 9
 1 8
 1 7
 1 6
 1 5
 1 4
 1 3
 1 2
 1 73
 1 64
 1 55
 1 46
 1 37
 1 28
 1 19
 1 10
 1 0

 2 19
 2 18
 2 10
 2 9
 2 8
 2 7
 2 6
 2 5
 2 4
 2 3
 2 74
 2 65
 2 56
 2 47
 2 38
 2 29
 2 20
 2 11
 2 1
 2 0

 3 23
 3 22
 3 14
 3 13
 3 8
 3 7
 3 6
 3 5
 3 4
 3 75
 3 66
 3 57
 3 48
 3 39
 3 30
 3 21
 3 12
 3 2
 3 1
 3 0

 4 23
 4 21
 4 14
 4 12
 4 8
 4 7
 4 6
 4 5
 4 76
 4 67
 4 58
 4 49
 4 40
 4 31
 4 22
 4 13
 4 3
 4 2
 4 1
 4 0

 5 22
 5 21
 5 13
 5 12
 5 8
 5 7
 5 6
 5 77
 5 68
 5 59
 5 50
 5 41
 5 32
 5 23
 5 14
 5 4
 5 3
 5 2
 5 1
 5 0

 6 26
 6 25
 6 17
 6 16
 6 8
 6 7
 6 78
 6 69
 6 60
 6 51
 6 42
 6 33
 6 24
 6 15
 6 5
 6 4
 6 3
 6 2
 6 1
 6 0

 7 26
 7 24
 7 17
 7 15
 7 8
 7 79
 7 70
 7 61
 7 52
 7 43
 7 34
 7 25
 7 16
 7 6
 7 5
 7 4
 7 3
 7 2
 7 1
 7 0

 8 25
 8 24
 8 16
 8 15
 8 80
 8 71
 8 62
 8 53
 8 44
 8 35
 8 26
 8 17
 8 7
 8 6
 8 5
 8 4
 8 3
 8 2
 8 1
 8 0

 9 20
 9 19
 9 2
 9 1
 9 17
 9 16
 9 15
 9 14
 9 13
 9 12
 9 11
 9 10
 9 72
 9 63
 9 54
 9 45
 9 36
 9 27
 9 18
 9 0

 10 20
 10 18
 10 2
 10 0
 10 17
 10 16
 10 15
 10 14
 10 13
 10 12
 10 11
 10 73
 10 64
 10 55
 10 46
 10 37
 10 28
 10 19
 10 9
 10 1

 11 19
 11 18
 11 1
 11 0
 11 17
 11 16
 11 15
 11 14
 11 13
 11 12
 11 74
 11 65
 11 56
 11 47
 11 38
 11 29
 11 20
 11 10
 11 9
 11 2

 12 23
 12 22
 12 5
 12 4
 12 17
 12 16
 12 15
 12 14
 12 13
 12 75
 12 66
 12 57
 12 48
 12 39
 12 30
 12 21
 12 11
 12 10
 12 9
 12 3

 13 23
 13 21
 13 5
 13 3
 13 17
 13 16
 13 15
 13 14
 13 76
 13 67
 13 58
 13 49
 13 40
 13 31
 13 22
 13 12
 13 11
 13 10
 13 9
 13 4

 14 22
 14 21
 14 4
 14 3
 14 17
 14 16
 14 15
 14 77
 14 68
 14 59
 14 50
 14 41
 14 32
 14 23
 14 13
 14 12
 14 11
 14 10
 14 9
 14 5

 15 26
 15 25
 15 8
 15 7
 15 17
 15 16
 15 78
 15 69
 15 60
 15 51
 15 42
 15 33
 15 24
 15 14
 15 13
 15 12
 15 11
 15 10
 15 9
 15 6

 16 26
 16 24
 16 8
 16 6
 16 17
 16 79
 16 70
 16 61
 16 52
 16 43
 16 34
 16 25
 16 15
 16 14
 16 13
 16 12
 16 11
 16 10
 16 9
 16 7

 17 25
 17 24
 17 7
 17 6
 17 80
 17 71
 17 62
 17 53
 17 44
 17 35
 17 26
 17 16
 17 15
 17 14
 17 13
 17 12
 17 11
 17 10
 17 9
 17 8

 18 11
 18 10
 18 2
 18 1
 18 26
 18 25
 18 24
 18 23
 18 22
 18 21
 18 20
 18 19
 18 72
 18 63
 18 54
 18 45
 18 36
 18 27
 18 9
 18 0

 19 11
 19 9
 19 2
 19 0
 19 26
 19 25
 19 24
 19 23
 19 22
 19 21
 19 20
 19 73
 19 64
 19 55
 19 46
 19 37
 19 28
 19 18
 19 10
 19 1

 20 10
 20 9
 20 1
 20 0
 20 26
 20 25
 20 24
 20 23
 20 22
 20 21
 20 74
 20 65
 20 56
 20 47
 20 38
 20 29
 20 19
 20 18
 20 11
 20 2

 21 14
 21 13
 21 5
 21 4
 21 26
 21 25
 21 24
 21 23
 21 22
 21 75
 21 66
 21 57
 21 48
 21 39
 21 30
 21 20
 21 19
 21 18
 21 12
 21 3

 22 14
 22 12
 22 5
 22 3
 22 26
 22 25
 22 24
 22 23
 22 76
 22 67
 22 58
 22 49
 22 40
 22 31
 22 21
 22 20
 22 19
 22 18
 22 13
 22 4

 23 13
 23 12
 23 4
 23 3
 23 26
 23 25
 23 24
 23 77
 23 68
 23 59
 23 50
 23 41
 23 32
 23 22
 23 21
 23 20
 23 19
 23 18
 23 14
 23 5

 24 17
 24 16
 24 8
 24 7
 24 26
 24 25
 24 78
 24 69
 24 60
 24 51
 24 42
 24 33
 24 23
 24 22
 24 21
 24 20
 24 19
 24 18
 24 15
 24 6

 25 17
 25 15
 25 8
 25 6
 25 26
 25 79
 25 70
 25 61
 25 52
 25 43
 25 34
 25 24
 25 23
 25 22
 25 21
 25 20
 25 19
 25 18
 25 16
 25 7

 26 16
 26 15
 26 7
 26 6
 26 80
 26 71
 26 62
 26 53
 26 44
 26 35
 26 25
 26 24
 26 23
 26 22
 26 21
 26 20
 26 19
 26 18
 26 17
 26 8

 27 47
 27 46
 27 38
 27 37
 27 35
 27 34
 27 33
 27 32
 27 31
 27 30
 27 29
 27 28
 27 72
 27 63
 27 54
 27 45
 27 36
 27 18
 27 9
 27 0

 28 47
 28 45
 28 38
 28 36
 28 35
 28 34
 28 33
 28 32
 28 31
 28 30
 28 29
 28 73
 28 64
 28 55
 28 46
 28 37
 28 27
 28 19
 28 10
 28 1

 29 46
 29 45
 29 37
 29 36
 29 35
 29 34
 29 33
 29 32
 29 31
 29 30
 29 74
 29 65
 29 56
 29 47
 29 38
 29 28
 29 27
 29 20
 29 11
 29 2

 30 50
 30 49
 30 41
 30 40
 30 35
 30 34
 30 33
 30 32
 30 31
 30 75
 30 66
 30 57
 30 48
 30 39
 30 29
 30 28
 30 27
 30 21
 30 12
 30 3

 31 50
 31 48
 31 41
 31 39
 31 35
 31 34
 31 33
 31 32
 31 76
 31 67
 31 58
 31 49
 31 40
 31 30
 31 29
 31 28
 31 27
 31 22
 31 13
 31 4

 32 49
 32 48
 32 40
 32 39
 32 35
 32 34
 32 33
 32 77
 32 68
 32 59
 32 50
 32 41
 32 31
 32 30
 32 29
 32 28
 32 27
 32 23
 32 14
 32 5

 33 53
 33 52
 33 44
 33 43
 33 35
 33 34
 33 78
 33 69
 33 60
 33 51
 33 42
 33 32
 33 31
 33 30
 33 29
 33 28
 33 27
 33 24
 33 15
 33 6

 34 53
 34 51
 34 44
 34 42
 34 35
 34 79
 34 70
 34 61
 34 52
 34 43
 34 33
 34 32
 34 31
 34 30
 34 29
 34 28
 34 27
 34 25
 34 16
 34 7

 35 52
 35 51
 35 43
 35 42
 35 80
 35 71
 35 62
 35 53
 35 44
 35 34
 35 33
 35 32
 35 31
 35 30
 35 29
 35 28
 35 27
 35 26
 35 17
 35 8

 36 47
 36 46
 36 29
 36 28
 36 44
 36 43
 36 42
 36 41
 36 40
 36 39
 36 38
 36 37
 36 72
 36 63
 36 54
 36 45
 36 27
 36 18
 36 9
 36 0

 37 47
 37 45
 37 29
 37 27
 37 44
 37 43
 37 42
 37 41
 37 40
 37 39
 37 38
 37 73
 37 64
 37 55
 37 46
 37 36
 37 28
 37 19
 37 10
 37 1

 38 46
 38 45
 38 28
 38 27
 38 44
 38 43
 38 42
 38 41
 38 40
 38 39
 38 74
 38 65
 38 56
 38 47
 38 37
 38 36
 38 29
 38 20
 38 11
 38 2

 39 50
 39 49
 39 32
 39 31
 39 44
 39 43
 39 42
 39 41
 39 40
 39 75
 39 66
 39 57
 39 48
 39 38
 39 37
 39 36
 39 30
 39 21
 39 12
 39 3

 40 50
 40 48
 40 32
 40 30
 40 44
 40 43
 40 42
 40 41
 40 76
 40 67
 40 58
 40 49
 40 39
 40 38
 40 37
 40 36
 40 31
 40 22
 40 13
 40 4

 41 49
 41 48
 41 31
 41 30
 41 44
 41 43
 41 42
 41 77
 41 68
 41 59
 41 50
 41 40
 41 39
 41 38
 41 37
 41 36
 41 32
 41 23
 41 14
 41 5

 42 53
 42 52
 42 35
 42 34
 42 44
 42 43
 42 78
 42 69
 42 60
 42 51
 42 41
 42 40
 42 39
 42 38
 42 37
 42 36
 42 33
 42 24
 42 15
 42 6

 43 53
 43 51
 43 35
 43 33
 43 44
 43 79
 43 70
 43 61
 43 52
 43 42
 43 41
 43 40
 43 39
 43 38
 43 37
 43 36
 43 34
 43 25
 43 16
 43 7

 44 52
 44 51
 44 34
 44 33
 44 80
 44 71
 44 62
 44 53
 44 43
 44 42
 44 41
 44 40
 44 39
 44 38
 44 37
 44 36
 44 35
 44 26
 44 17
 44 8

 45 38
 45 37
 45 29
 45 28
 45 53
 45 52
 45 51
 45 50
 45 49
 45 48
 45 47
 45 46
 45 72
 45 63
 45 54
 45 36
 45 27
 45 18
 45 9
 45 0

 46 38
 46 36
 46 29
 46 27
 46 53
 46 52
 46 51
 46 50
 46 49
 46 48
 46 47
 46 73
 46 64
 46 55
 46 45
 46 37
 46 28
 46 19
 46 10
 46 1

 47 37
 47 36
 47 28
 47 27
 47 53
 47 52
 47 51
 47 50
 47 49
 47 48
 47 74
 47 65
 47 56
 47 46
 47 45
 47 38
 47 29
 47 20
 47 11
 47 2

 48 41
 48 40
 48 32
 48 31
 48 53
 48 52
 48 51
 48 50
 48 49
 48 75
 48 66
 48 57
 48 47
 48 46
 48 45
 48 39
 48 30
 48 21
 48 12
 48 3

 49 41
 49 39
 49 32
 49 30
 49 53
 49 52
 49 51
 49 50
 49 76
 49 67
 49 58
 49 48
 49 47
 49 46
 49 45
 49 40
 49 31
 49 22
 49 13
 49 4

 50 40
 50 39
 50 31
 50 30
 50 53
 50 52
 50 51
 50 77
 50 68
 50 59
 50 49
 50 48
 50 47
 50 46
 50 45
 50 41
 50 32
 50 23
 50 14
 50 5

 51 44
 51 43
 51 35
 51 34
 51 53
 51 52
 51 78
 51 69
 51 60
 51 50
 51 49
 51 48
 51 47
 51 46
 51 45
 51 42
 51 33
 51 24
 51 15
 51 6

 52 44
 52 42
 52 35
 52 33
 52 53
 52 79
 52 70
 52 61
 52 51
 52 50
 52 49
 52 48
 52 47
 52 46
 52 45
 52 43
 52 34
 52 25
 52 16
 52 7

 53 43
 53 42
 53 34
 53 33
 53 80
 53 71
 53 62
 53 52
 53 51
 53 50
 53 49
 53 48
 53 47
 53 46
 53 45
 53 44
 53 35
 53 26
 53 17
 53 8

 54 74
 54 73
 54 65
 54 64
 54 62
 54 61
 54 60
 54 59
 54 58
 54 57
 54 56
 54 55
 54 72
 54 63
 54 45
 54 36
 54 27
 54 18
 54 9
 54 0

 55 74
 55 72
 55 65
 55 63
 55 62
 55 61
 55 60
 55 59
 55 58
 55 57
 55 56
 55 73
 55 64
 55 54
 55 46
 55 37
 55 28
 55 19
 55 10
 55 1

 56 73
 56 72
 56 64
 56 63
 56 62
 56 61
 56 60
 56 59
 56 58
 56 57
 56 74
 56 65
 56 55
 56 54
 56 47
 56 38
 56 29
 56 20
 56 11
 56 2

 57 77
 57 76
 57 68
 57 67
 57 62
 57 61
 57 60
 57 59
 57 58
 57 75
 57 66
 57 56
 57 55
 57 54
 57 48
 57 39
 57 30
 57 21
 57 12
 57 3

 58 77
 58 75
 58 68
 58 66
 58 62
 58 61
 58 60
 58 59
 58 76
 58 67
 58 57
 58 56
 58 55
 58 54
 58 49
 58 40
 58 31
 58 22
 58 13
 58 4

 59 76
 59 75
 59 67
 59 66
 59 62
 59 61
 59 60
 59 77
 59 68
 59 58
 59 57
 59 56
 59 55
 59 54
 59 50
 59 41
 59 32
 59 23
 59 14
 59 5

 60 80
 60 79
 60 71
 60 70
 60 62
 60 61
 60 78
 60 69
 60 59
 60 58
 60 57
 60 56
 60 55
 60 54
 60 51
 60 42
 60 33
 60 24
 60 15
 60 6

 61 80
 61 78
 61 71
 61 69
 61 62
 61 79
 61 70
 61 60
 61 59
 61 58
 61 57
 61 56
 61 55
 61 54
 61 52
 61 43
 61 34
 61 25
 61 16
 61 7

 62 79
 62 78
 62 70
 62 69
 62 80
 62 71
 62 61
 62 60
 62 59
 62 58
 62 57
 62 56
 62 55
 62 54
 62 53
 62 44
 62 35
 62 26
 62 17
 62 8

 63 74
 63 73
 63 56
 63 55
 63 71
 63 70
 63 69
 63 68
 63 67
 63 66
 63 65
 63 64
 63 72
 63 54
 63 45
 63 36
 63 27
 63 18
 63 9
 63 0

 64 74
 64 72
 64 56
 64 54
 64 71
 64 70
 64 69
 64 68
 64 67
 64 66
 64 65
 64 73
 64 63
 64 55
 64 46
 64 37
 64 28
 64 19
 64 10
 64 1

 65 73
 65 72
 65 55
 65 54
 65 71
 65 70
 65 69
 65 68
 65 67
 65 66
 65 74
 65 64
 65 63
 65 56
 65 47
 65 38
 65 29
 65 20
 65 11
 65 2

 66 77
 66 76
 66 59
 66 58
 66 71
 66 70
 66 69
 66 68
 66 67
 66 75
 66 65
 66 64
 66 63
 66 57
 66 48
 66 39
 66 30
 66 21
 66 12
 66 3

 67 77
 67 75
 67 59
 67 57
 67 71
 67 70
 67 69
 67 68
 67 76
 67 66
 67 65
 67 64
 67 63
 67 58
 67 49
 67 40
 67 31
 67 22
 67 13
 67 4

 68 76
 68 75
 68 58
 68 57
 68 71
 68 70
 68 69
 68 77
 68 67
 68 66
 68 65
 68 64
 68 63
 68 59
 68 50
 68 41
 68 32
 68 23
 68 14
 68 5

 69 80
 69 79
 69 62
 69 61
 69 71
 69 70
 69 78
 69 68
 69 67
 69 66
 69 65
 69 64
 69 63
 69 60
 69 51
 69 42
 69 33
 69 24
 69 15
 69 6

 70 80
 70 78
 70 62
 70 60
 70 71
 70 79
 70 69
 70 68
 70 67
 70 66
 70 65
 70 64
 70 63
 70 61
 70 52
 70 43
 70 34
 70 25
 70 16
 70 7

 71 79
 71 78
 71 61
 71 60
 71 80
 71 70
 71 69
 71 68
 71 67
 71 66
 71 65
 71 64
 71 63
 71 62
 71 53
 71 44
 71 35
 71 26
 71 17
 71 8

 72 65
 72 64
 72 56
 72 55
 72 80
 72 79
 72 78
 72 77
 72 76
 72 75
 72 74
 72 73
 72 63
 72 54
 72 45
 72 36
 72 27
 72 18
 72 9
 72 0

 73 65
 73 63
 73 56
 73 54
 73 80
 73 79
 73 78
 73 77
 73 76
 73 75
 73 74
 73 72
 73 64
 73 55
 73 46
 73 37
 73 28
 73 19
 73 10
 73 1

 74 64
 74 63
 74 55
 74 54
 74 80
 74 79
 74 78
 74 77
 74 76
 74 75
 74 73
 74 72
 74 65
 74 56
 74 47
 74 38
 74 29
 74 20
 74 11
 74 2

 75 68
 75 67
 75 59
 75 58
 75 80
 75 79
 75 78
 75 77
 75 76
 75 74
 75 73
 75 72
 75 66
 75 57
 75 48
 75 39
 75 30
 75 21
 75 12
 75 3

 76 68
 76 66
 76 59
 76 57
 76 80
 76 79
 76 78
 76 77
 76 75
 76 74
 76 73
 76 72
 76 67
 76 58
 76 49
 76 40
 76 31
 76 22
 76 13
 76 4

 77 67
 77 66
 77 58
 77 57
 77 80
 77 79
 77 78
 77 76
 77 75
 77 74
 77 73
 77 72
 77 68
 77 59
 77 50
 77 41
 77 32
 77 23
 77 14
 77 5

 78 71
 78 70
 78 62
 78 61
 78 80
 78 79
 78 77
 78 76
 78 75
 78 74
 78 73
 78 72
 78 69
 78 60
 78 51
 78 42
 78 33
 78 24
 78 15
 78 6

 79 71
 79 69
 79 62
 79 60
 79 80
 79 78
 79 77
 79 76
 79 75
 79 74
 79 73
 79 72
 79 70
 79 61
 79 52
 79 43
 79 34
 79 25
 79 16
 79 7

 80 70
 80 69
 80 61
 80 60
 80 79
 80 78
 80 77
 80 76
 80 75
 80 74
 80 73
 80 72
 80 71
 80 62
 80 53
 80 44
 80 35
 80 26
 80 17
 80 8

